11111111 10001111 11110111 11111111
11111111 11000110 11110001 11111111
01111111 11110101 11111010 11111111
10111111 01111000 11111000 11111111
01011111 00100000 11000000 11111111
10011111 00000001 10000000 11111111
11110011 00000001 10101000 11111111
10100001 00000001 11100000 11111111
10001100 00000000 11010000 11111111
00011100 00000010 10000000 11111111
00100000 00001000 10100110 11111111
00000011 10000000 11110011 11111111
00011111 11000000 00110000 11111111
10011111 01100001 00000010 11111111
00011111 00110000 00000011 11111010
00111111 00010000 11100000 11111000
11111111 00110011 11110000 11111000
11111111 00110011 01000000 11111000
11111111 11100011 00000000 11111000
11111111 11000000 00111000 11110000
01100111 10001000 00111001 11110000
00010111 11000000 10010001 11110001
01110111 10000000 10000001 11110011
01111011 10010000 00000011 11110001
00000011 00000000 00000011 11110000
00000111 00000100 00000110 11110000
10001111 00001111 00011110 11111000
11111111 00101111 01111100 11111100
11111111 01100111 11110000 11111011
11111111 01100111 00010000 11111110
11111111 01000111 00001000 11111100
11111111 00100011 00011000 10100000
11111111 10110111 11101110 11111111
11111111 01001110 11111100 11111111
11111111 00111110 11111100 11111111
01111111 10111011 10110111 11111111
10111111 01010001 11111110 11111111
10011111 00001101 11111010 11111111
11111011 00111111 11110100 11111111
10111101 01111101 11111100 11111111
10110000 01010011 11101110 11111111
10100011 10101100 11100000 11111111
11011110 00010111 11110110 11111111
11100111 10011111 10110011 11111111
10111111 11111110 00011100 11111011
01111111 01111111 11001011 11111011
11011111 10110111 11111001 11111100
11111111 10011001 11111100 11111001
11111111 10110011 01101111 11111010
11111111 00100111 10011100 11111010
11111111 11011011 00111010 11111111
11111111 10100100 11111100 11111111
01110111 11101101 10011101 11110001
10100111 00101001 10100111 11110111
10000111 01011011 11001001 11110101
10000011 00010011 01110011 11110010
11111011 11000101 11000010 11110000
01110111 10110111 10010101 11110000
10111111 00001111 00011001 11111000
11111111 01001111 01110010 11111000
11111111 10011111 00001101 11111100
11111111 10010111 11100101 11111101
11111111 10111111 10101111 11111100
11111111 11011111 10111100 11101111
11110111 11010111 11101010 11111111
11111111 01110111 11001100 11111111
01101111 01110000 11110001 11111111
00111111 10110100 11000110 11111111
00011111 11111110 11011011 11111111
11101111 01110011 11110101 11111111
11110111 11000001 11010111 11111111
10001011 10000011 10011111 11111111
01000011 10101100 11100011 11111111
01100000 01010111 11111111 11111111
00010001 11100010 10001011 11111111
01011011 11100101 10101110 11111111
01001111 11000001 11000001 11111111
11011111 11000000 00110101 11111010
10111111 01001000 00111110 11111101
00111111 01100110 11011011 11111110
11111111 01101111 01001000 11111101
11111111 01011011 10101011 11111101
11111111 11010011 11010101 11110001
11111111 11111111 10000011 11110000
11001111 11011110 11000001 11111111
11001011 00001110 01101001 11111011
10001111 00011000 00110111 11110010
00000111 01010100 10001101 11111100
00101111 00000011 00111100 11111011
11001111 01001000 01101010 11111111
11000111 11111111 11001011 11111111
11111111 10011111 11111101 11111011
11111111 00000111 10011110 11111100
11111111 00001111 11101010 11111101
11111111 00000011 01011000 11111011
11111111 00010011 11000011 10010010
