11111111000000001111111100000000
11100111000000001110011100000000
11000011000000001100001100000000
10000001000000001000000100000000
10000001000000001000000100000000
11000011000000001100001100000000
11100111000000001110011100000000
11111111000000001111111100000000
00000000111111110000000011111111
00000000111001110000000011100111
00000000110000110000000011000011
00000000100000010000000010000001
00000000100000010000000010000001
00000000110000110000000011000011
00000000111001110000000011100111
00000000111111110000000011111111
11111111000000001111111100000000
11100111000000001110011100000000
11000011000000001100001100000000
10000001000000001000000100000000
10000001000000001000000100000000
11000011000000001100001100000000
11100111000000001110011100000000
11111111000000001111111100000000
00000000111111110000000011111111
00000000111001110000000011100111
00000000110000110000000011000011
00000000100000010000000010000001
00000000100000010000000010000001
00000000110000110000000011000011
00000000111001110000000011100111
00000000111111110000000011111111