11111111 11111111 11111111 11111111
11111111 00001111 10000000 11111111
11111111 00000111 00001001 11111111
11111111 00000001 00000000 11111111
11111111 00000001 00011110 11111111
11111111 00000000 00110111 11111111
01111111 00000000 00100001 11111100
00111111 00000000 00011101 10000000
00111111 00000000 00000011 00000000
00011111 00000000 00000000 00000000
00011111 00000000 00000000 10000000
00001111 00000000 10000000 11100000
00001111 00000000 01100000 11111100
00000111 00000000 01111000 11111100
00000001 00000000 01111001 11000000
00000001 11000000 01110001 10001110
00000000 11111000 10110001 00111111
00000000 11110000 10110001 00111111
00000000 11000000 11111011 01111111
11100000 11000000 11111100 00111111
11110001 01000001 11110000 00011111
00111001 01100011 00000000 00001111
01111001 01111110 00000000 10000000
11110001 11111110 00000000 11100000
00110001 11111111 00000001 11110000
11000001 11111001 00000001 11110000
00000111 11110000 00000011 11111110
00011111 11100011 01000001 11111111
10011111 10001111 11100011 11111111
11111111 00111111 11100000 11111111
11111111 11111111 11111011 11111111
11111111 11111111 11111111 11111111
11111111 11111111 11111111 11111111
11111111 00001111 10000000 11111111
11111111 00000111 00001001 11111111
11111111 00000001 00000000 11111111
11111111 00000001 00011110 11111111
11111111 00000000 00110111 11111111
01111111 00000000 00100001 11111100
00111111 00000000 00011101 10000000
00111111 00000000 00000011 00000000
00011111 00000000 00000000 00000000
00011111 00000000 00000000 10000000
00001111 00000000 10000000 11100000
00001111 00000000 01100000 11111100
00000111 00000000 01111000 11111100
00000001 00000000 01111001 11000000
00000001 11000000 01110001 10001110
00000000 11111000 10110001 00111111
00000000 11110000 10110001 00111111
00000000 11000000 11111011 01111111
11100000 11000000 11111100 00111111
11110001 01000001 11110000 00011111
00111001 01100011 00000000 00001111
01111001 01111110 00000000 10000000
11110001 11111110 00000000 11100000
00110001 11111111 00000001 11110000
11000001 11111001 00000001 11110000
00000111 11110000 00000011 11111110
00011111 11100011 01000001 11111111
10011111 10001111 11100011 11111111
11111111 00111111 11100000 11111111
11111111 11111111 11111011 11111111
11111111 11111111 11111111 11111111
11111111 11111111 11111111 11111111
11111111 00001111 10000000 11111111
11111111 00000111 00001001 11111111
11111111 00000001 00000000 11111111
11111111 00000001 00011110 11111111
11111111 00000000 00110111 11111111
01111111 00000000 00100001 11111100
00111111 00000000 00011101 10000000
00111111 00000000 00000011 00000000
00011111 00000000 00000000 00000000
00011111 00000000 00000000 10000000
00001111 00000000 10000000 11100000
00001111 00000000 01100000 11111100
00000111 00000000 01111000 11111100
00000001 00000000 01111001 11000000
00000001 11000000 01110001 10001110
00000000 11111000 10110001 00111111
00000000 11110000 10110001 00111111
00000000 11000000 11111011 01111111
11100000 11000000 11111100 00111111
11110001 01000001 11110000 00011111
00111001 01100011 00000000 00001111
01111001 01111110 00000000 10000000
11110001 11111110 00000000 11100000
00110001 11111111 00000001 11110000
11000001 11111001 00000001 11110000
00000111 11110000 00000011 11111110
00011111 11100011 01000001 11111111
10011111 10001111 11100011 11111111
11111111 00111111 11100000 11111111
11111111 11111111 11111011 11111111
11111111 11111111 11111111 11111111
