11111111 11111111 11111111 11111111
00000001 00011110 11000000 00000001
00000001 00000111 10001001 10000011
10000001 00000001 00000000 00000111
11000001 00000001 00011110 00000111
11000001 00000000 00110111 10001111
01100001 00000000 00100011 10111110
01110001 00000000 00011111 10000000
00110001 00000000 00000011 00000000
00010001 00000000 00000000 10000000
00011001 00000000 00000000 10000000
00001101 00000000 10000000 11100000
00001101 00000000 01100000 11111100
00001111 00000000 01111000 11111100
00000011 00000000 01111001 11100000
00000001 11000000 01111001 10011110
00000001 11111000 10110001 00111111
00000000 11110000 11110011 00111111
00000001 11100000 11111111 01111111
11100000 11000000 11111110 00111111
11110001 01000001 11110000 00111111
01111001 01100011 10000000 00001111
01111001 11111110 00000000 10000000
11111001 11111110 00000000 11100000
00110011 11111111 00000001 11110000
11000011 11111011 00000001 10111000
00000101 11110000 00000011 00011110
10011001 11100111 01000011 00010111
11110001 10001111 10100011 00001111
00000001 00111110 11000000 00000111
00000001 11110000 11111111 10000001
01000001 11111010 11111111 11100001
10000001 11111111 11100000 00000001
11111110 00000001 00000000 11111110
11110000 10000010 00010110 01011100
01111000 11100011 00011101 10111000
00100000 11110000 01111110 11111011
00110000 11111000 00101001 01110110
00010000 11111100 01011101 01001100
00001000 11111110 00101101 01111100
00001000 01111101 10000111 10011011
00001100 00111111 11110000 00000000
00010110 00011111 00010110 01000000
10010010 00001111 01000000 11010000
11001010 00000111 01110000 01111101
01000010 00000011 00110000 11111100
11000001 00000001 01110000 01000000
10000001 10100000 01110001 10001101
11100000 11110000 01110011 00101111
01111001 11110000 10111001 01111111
00000000 11000000 11110011 00011110
01010001 01000000 11111000 11101111
10001001 11000001 11111000 00001101
00000011 01000001 00000000 10010111
10111011 01010110 00000000 10000000
01110011 01111110 00000001 00010000
11110001 11111110 00000010 00001000
11100100 11110100 00000010 01000100
00001010 11111000 10000000 11100111
01100110 11011010 10000001 10101011
00001110 11011110 00000100 10010000
11111100 01010001 00111111 10001000
11001000 00001111 00001000 01000110
10111110 00000101 00000010 00011110
01111110 01100000 01111111 10111110
10110001 00101101 10000000 10000110
11001010 00001100 00000110 00100101
11000110 11000010 10100010 11011001
10011100 01100001 00101110 10111100
01101101 00111000 01011110 00110000
11011100 11000000 00101101 00010100
00000100 00110100 00010001 00000000
00101100 10001010 01101111 10000100
10111010 01110010 00001110 00000000
10001100 00000000 00101001 11000000
00001001 10000000 01001111 00110000
00000111 01000010 01000011 00111101
10000101 11100000 01001100 00111000
00000100 00010000 00111010 10010000
01100000 01011001 00000010 01100011
00011100 00000000 11001010 10011000
00000101 00011000 01000001 11010010
00000000 01000000 00001010 00100011
00100101 10000000 00001101 00010011
01110001 00100000 00111000 10010010
10111000 10100010 00000000 00011000
01000010 00101001 00000000 01000000
11000010 10000010 00000000 11100000
11000000 00000001 00000011 00110000
00100001 00011101 00000011 01010110
00000011 00001000 10000011 10100001
00100101 01100001 11001000 11001000
10000000 01010101 01000111 10110000
01100011 01101001 00001110 11010000
01110100 11001010 00010011 01101010
10111110 11000101 00101101 11011110
