11111111 11111111 01111111 00000000
11111111 11111111 11111111 00000011
11111111 11111111 11111111 00011111
11111111 11111111 11111111 00111111
11111111 11111111 11111111 11111111
11111111 11111111 11111111 11111111
11111111 11111111 11111111 11111111
11111111 11111111 11111111 11111111
11111111 11111111 11111111 11111111
11111111 01111111 11111100 11111111
11111111 00001111 11100000 11111111
11111111 00000011 11000000 11111111
11111111 00000001 10000000 11111111
11111111 00000000 00000000 11111110
01111111 00000000 00000000 11111110
01111111 00000000 00000000 11111111
00111111 00010100 10000000 11111111
00111111 00000000 10000000 11111111
00111111 00000000 11100000 11111111
00111111 00000000 11111000 11111111
00111111 00000000 11111100 11111111
00111111 10000000 11111111 11111111
00111111 11000000 11111111 11111111
01111111 11100000 11111111 11111111
01111111 11100000 11111111 11111111
11111111 11111111 11111111 11111111
11111111 11111111 11111111 11111111
11111111 11111111 11111111 11111111
11111111 11111111 11111111 11111111
11111111 11111111 11111111 11111111
11111111 11111111 11111111 11111111
11111111 11111111 11111111 11111111
11111111 10011111 00110011 11111100
11111111 11111111 11111111 11000101
11111111 11111111 11111111 10100011
11111111 11111111 11011111 11011111
11111111 11111111 11111111 11111001
11111111 11111111 11111111 11111111
11111111 11111111 11111111 11111111
11111111 11111111 11111111 11111111
11111111 01111111 11111110 11111111
11111111 10001111 11100011 11111111
11111111 10011111 11000000 11111111
11111111 11111001 10011111 11111111
11111111 11001110 01000000 11110000
01111111 01111101 00000000 01111111
01111111 01111111 00000000 01111111
00111111 01111111 10000000 11111110
11011111 00101011 01100000 11111111
10011111 00111111 01111110 11111111
10011111 00111111 10011110 11111111
10011111 00101100 11100111 11111111
10011111 11000000 11111011 11111111
00011111 01100000 11111110 11111111
01011111 00100000 11111111 11111111
10111111 10010000 11111111 11111111
11111111 11111111 11111111 11111111
11111111 11111001 11111111 11111111
11111111 11111111 11111111 11111111
11111111 11111111 11111111 11111111
11111111 11111111 11111111 11111111
11111111 11111111 11111111 11111111
11111111 11111111 11111111 11111111
11111111 11111111 11111111 11111111
11111100 01111111 01111100 00000011
11111111 00111111 01110111 00100110
11111111 01111111 11111111 01000111
11111111 11111111 10111111 10011111
11111111 11111111 11111111 01111111
11111111 11111111 11111111 11101001
11111111 11111111 11111111 11101111
11111111 11111111 11111111 11111111
11111111 01111111 11111100 11111111
11111111 00111111 11110010 11111111
11111111 01000011 11100001 11111111
11111111 00000001 11000000 11111111
11111111 00110000 00111111 11111000
00111111 10000010 11111011 10111000
00111111 10110000 11100001 10111111
11111111 10111110 01100000 11111110
00111111 11101010 00010000 11111111
00011111 01011111 00000000 11111111
01011111 01001100 01000001 11111111
00011111 11010011 11000111 11111111
01011111 10111111 11110111 11111111
11011111 01011101 11111101 11111111
10111111 10011001 11111111 11111111
00011111 11001111 11111111 11111111
10111111 11010001 11111111 11111111
11111111 11110110 11111111 11111111
11111111 11111111 11111111 11111111
11111111 11111111 11111111 11111111
11111111 11111111 11111111 11111111
11111111 11111111 11111111 11111111
11111111 11111111 11111111 11111111
11111110 11111111 11111111 01111111
