11111111 11111111 11111111 11111111
11111111 11111111 11111111 11111111
11111111 11111111 11111111 11111111
11111111 11111111 11111111 11111111
00011111 00000000 00000000 11111000
00011111 00000000 00000000 11111000
00011111 00000000 00000000 11111000
00011111 00000000 00000000 11111000
00011111 00000000 00000000 11111000
00011111 00000000 00000000 11111000
00011111 10000000 00000001 11111000
00011111 11100000 00000111 11111000
00011111 11110000 00001111 11111000
00011111 11111000 00011111 11111000
00011111 11111000 00011111 11111000
00011111 11111100 00111111 11111000
00011111 11111100 00111111 11111000
00011111 11111000 00011111 11111000
00011111 11111000 00011111 11111000
00011111 11110000 00001111 11111000
00011111 11100000 00000111 11111000
00011111 10000000 00000001 11111000
00011111 00000000 00000000 11111000
00011111 00000000 00000000 11111000
00011111 00000000 00000000 11111000
00011111 00000000 00000000 11111000
00011111 00000000 00000000 11111000
00011111 00000000 00000000 11111000
11111111 11111111 11111111 11111111
11111111 11111111 11111111 11111111
11111111 11111111 11111111 11111111
11111111 11111111 11111111 11111111
11111111 11111111 11111111 11111111
11111111 11111111 11111111 11111111
11111111 11111111 11111111 11111111
11111111 11111111 11111111 11111111
00011111 00000000 00000000 11111000
00011111 00000000 00000000 11111000
00011111 00000000 00000000 11111000
00011111 00000000 00000000 11111000
00011111 00000000 00000000 11111000
00011111 00000000 00000000 11111000
00011111 10000000 00000001 11111000
00011111 11100000 00000111 11111000
00011111 11110000 00001111 11111000
00011111 11111000 00011111 11111000
00011111 11111000 00011111 11111000
00011111 11111100 00111111 11111000
00011111 11111100 00111111 11111000
00011111 11111000 00011111 11111000
00011111 11111000 00011111 11111000
00011111 11110000 00001111 11111000
00011111 11100000 00000111 11111000
00011111 10000000 00000001 11111000
00011111 00000000 00000000 11111000
00011111 00000000 00000000 11111000
00011111 00000000 00000000 11111000
00011111 00000000 00000000 11111000
00011111 00000000 00000000 11111000
00011111 00000000 00000000 11111000
11111111 11111111 11111111 11111111
11111111 11111111 11111111 11111111
11111111 11111111 11111111 11111111
11111111 11111111 11111111 11111111
11111111 11111111 11111111 11111111
11111111 11111111 11111111 11111111
11111111 11111111 11111111 11111111
11111111 11111111 11111111 11111111
00011111 00000000 00000000 11111000
00011111 00000000 00000000 11111000
00011111 00000000 00000000 11111000
00011111 00000000 00000000 11111000
00011111 00000000 00000000 11111000
00011111 00000000 00000000 11111000
00011111 10000000 00000001 11111000
00011111 11100000 00000111 11111000
00011111 11110000 00001111 11111000
00011111 11111000 00011111 11111000
00011111 11111000 00011111 11111000
00011111 11111100 00111111 11111000
00011111 11111100 00111111 11111000
00011111 11111000 00011111 11111000
00011111 11111000 00011111 11111000
00011111 11110000 00001111 11111000
00011111 11100000 00000111 11111000
00011111 10000000 00000001 11111000
00011111 00000000 00000000 11111000
00011111 00000000 00000000 11111000
00011111 00000000 00000000 11111000
00011111 00000000 00000000 11111000
00011111 00000000 00000000 11111000
00011111 00000000 00000000 11111000
11111111 11111111 11111111 11111111
11111111 11111111 11111111 11111111
11111111 11111111 11111111 11111111
11111111 11111111 11111111 11111111
