11111111 11111111 11111111 00000011
11111111 11111111 11111111 00000110
11111111 11111111 01111111 00000001
11111111 11111111 10111111 00010000
11111111 11111111 01011111 00001001
11111111 11111111 00101111 01000100
11111111 11111111 01010111 11000010
11111111 11111111 00001011 10101001
11111111 11111111 10010101 11010000
11111111 11111111 01000010 11101010
11111111 01111111 00100101 11110100
01101111 10111111 10010000 11111010
10000111 01011110 00001001 11111101
00001111 00101101 10100100 11111110
00001111 01001100 01000010 11111111
01110111 00011110 10101001 11111111
01001111 10010010 11010000 11111111
01111111 01000000 11101010 11111111
01111111 00100010 11110100 11111111
11011111 10000001 11111001 11111111
11111111 00000000 11111111 11111111
11111111 00000000 11111111 11111111
10011111 10100001 11111001 11111111
00101111 00010010 11110100 11111111
01010111 00011110 11101000 11111111
00001101 11111100 11110001 11111111
00011011 01101101 11110001 11111111
10100000 01111110 11100001 11111111
01100100 11111111 11110110 11111111
11001010 11111111 11111111 11111111
10100100 11111111 11111111 11111111
11100000 11111111 11111111 11111111
11111111 11111111 11111111 00000001
11111111 11111111 11111111 00000110
11111111 11111111 01111111 00000111
11111111 11111111 10111111 00000001
11111111 11111111 11011111 00000000
11111111 11111111 01101111 01100000
11111111 11111111 00110111 01100000
11111111 11111111 00011011 10110000
11111111 11111111 00001101 11011000
11111111 11111111 00000110 11101100
11111111 01111111 00000011 11110110
10010111 10111110 00000001 11111011
00111111 11011110 10000000 11111101
10010111 01101101 11000000 11111110
00000111 00100001 01100000 11111111
00001111 00001100 10110000 11111111
01000111 00001100 11011000 11111111
01011111 00000000 11101100 11111111
00111111 00000000 11110110 11111111
11111111 00000000 11111000 11111111
10111111 10000001 11111101 11111111
10111111 10000001 11111101 11111111
10011111 00000001 11111000 11111111
01101111 00001110 11100110 11111111
01110111 00011110 11110100 11111111
00011001 11010001 11100000 11111111
10001011 00111101 11101000 11111111
11000000 01111110 11111100 11111111
01100100 01111111 11101001 11111111
10001010 11111111 11111111 11111111
10100110 11111111 11111111 11111111
11100000 11111111 11111111 11111111
11111111 11111111 11111111 00000111
11111111 11111111 01111111 00000110
11111111 11111111 11111111 00000011
11111111 11111111 01011111 00010000
11111111 11111111 01111111 00001001
11111111 11111111 00010111 11000100
11111111 11111111 01011111 11100010
11111111 11111111 00000101 10101001
11111111 11111111 10010111 10000000
11111111 01111111 01000001 11111010
11111111 11111111 00100101 11101000
11110111 01011111 10010000 11111110
11011111 01111110 00001001 11111010
10001111 00011110 10100100 11111111
00011111 01001100 10000010 11111110
01011111 00010010 11101001 11111111
01001111 10000000 10100000 11111111
01011111 01000000 11111010 11111111
00111111 00100010 11101000 11111111
10111111 00000000 11111101 11111111
01011111 00000000 11111110 11111111
01111111 00000000 11111110 11111111
00111111 00100000 11111101 11111111
00010111 00000000 11110000 11111111
01010111 00010000 11111100 11111111
00011101 11001100 11111001 11111111
00001010 00110110 11110000 11111111
11000000 01111111 11111011 11111111
01100000 11111110 11101111 11111111
11000010 11111111 11111111 11111111
10100110 11111111 11111111 11111111
11000001 11111111 11111111 11111111
